277
5855
198
2493
268
8977
264
77654
11
28988
4932
4400
1535
11
35138
1853
50845
11
144465
546
198
75
6
674
7708
78
11
384
3141
139988
15218
89283
13
468
11
817
144465
139854
11
13199
6355
198
1751
6
2416
1187
89283
526
16581
6339
25
384
11
817
3141
139988
11
13199
6355
2525
326
6
12517
4932
198
288
791
3083
64
13
468
11
817
144465
139854
11
13199
6355
5841
6
2416
1187
89283
526
16581
6339
25
384
345
712
3141
139988
11
13199
6355
2525
326
6
12517
4932
1531
791
3083
64
13
468
11
817
144465
139854
345
63131
6355
5841
6
2416
1187
89283
526
16581
6339
25
384
11
817
3141
139988
11
13199
6355
2525
198
75
6
12517
4932
1531
791
3083
64
13
468
11
817
144465
139854
11
13199
6355
5841
6
2416
1187
89283
198
396
16581
6339
25
384
11
817
3141
139988
11
13199
6355
2525
326
6
12517
4932
1531
791
3083
64
13
468
11
817
198
67
713
13563
139854
11
13199
6355
5841
6
2416
1187
89283
526
16581
6339
25
384
11
817
3141
139988
345
63131
6355
2525
326
6
12517
4932
1531
791
3083
64
13
468
11
817
144465
139854
11
13199
6355
5841
6
2416
1187
198
2152
13334
526
16581
6339
25
384
11
817
3141
139988
11
13199
6355
2525
326
6
12517
4932
1531
791
3083
64
624
36
11
817
144465
